y_k = 5;

x_ = [1; 0];

P_ = [1e-4 0; 0 1e-8];
Q = [1e-2 0; 0 4e-2];

R = 1e-2;

A = [1 0.1; 0 1];
B = [0.005; 0.1];
C = [1 0];

Eum = [1; 0];
Edois = [0; 1];